74.66942701,  89.02568942,  80.63294498, 85.25214162,  115.44489882,  104.70038835
84.27848817,  69.20030166,  57.46866303,95.92151183,  98.666365,    68.59800363
68.68768565,  89.84690366,  90.48539936, 85.94110222,  137.52430846,  159.50702489
96.39166165,  99.74261383,  50.42025751,100.26139957,  127.61793039,   74.61375609
74.68665734,  114.83567245,  105.48017798, 83.34191409,  133.66908946,  112.18648868
89.60104636,  113.56125342,   48.36482491,95.39557526,  133.52095378,   70.81873365
90.43395581,  101.74467991,   44.80240869, 96.29611412,  120.61615925,   80.42416474
76.60691733,  107.54987249,   53.55200038, 86.17569137,  143.53708404,   75.44799962
82.08529242,  113.01580251,   62.58503115, 86.01912525,  134.0283742,    89.25432628
91.6374599,   90.39977627,  34.75181491, 99.23210531,  135.68718026,  122.79890973
92.35151756,  92.05197874,  31.68138434, 98.18130097,  134.23373554,  101.81668516
92.14228432,  79.40412161,  40.31438848, 99.675176,    126.72286251,  113.89989723
87.38555656,   98.24412241,  107.62977468, 99.74837201,  166.93444902,  161.6291539 
86.46887732,  88.97118669,  35.51902034,95.92746414,  139.8275938,    99.41390649
91.22727526,  123.35540458,   87.53529877,94.85757323 , 158.0094439,   142.82752951
78.92910268,  105.66891627,   37.86248525,85.95089732,  149.13108373,  125.57751475
85.3032899,   70.94926738,  59.83782344,93.1919482,   107.27930405,  126.58122418
